[KeyCode]									按键指令代码
zeroclick1=255,48,50,59,48,48,59,48,49,13,10,37,48,48,59,48,54,59,13;		置零键（进入置零状态）	
zeroclick0=255,48,50,59,48,48,59,48,49,13,10,37,48,48,59,48,55,59,13;		置零键（解除指令状态）
runclick=255,48,50,59,48,48,59,48,50,13,10;					运行键（短按）
dispclick=255,48,50,59,48,48,59,48,51,13,10;					显示键（短按）
rundown=255,48,50,59,48,48,59,48,50,13,10;					运行键（长按按下）
dispdown=255,48,50,59,48,48,59,48,51,13,10;					显示键（长按按下）
resetdown=255,48,50,59,48,48,59,48,55,13,10,37,48,48,59,49,55,59,48,55,13;	复位键（长按按下）
runup=255,48,50,59,48,48,59,49,50,13,10;					运行键（长按松开）
dispup=37,48,48,59,54,53,59,57,56,13,10;					显示键（长按松开）
printup=255,48,50,59,48,48,59,49,54,13,10;					打印键
RANGe120=37,48,48,59,49,50,59,48,48,13;						选择量程（120）
RANGe1=  37,48,48,59,49,50,59,48,49,13;						选择量程（1）
RANGe30= 37,48,48,59,49,50,59,48,50,13;						选择量程（30）
Digits5=37,48,48,59,49,48,59,48,53,13;						选择位数（5）
Digits6=37,48,48,59,49,48,59,48,54,13;						选择位数（6）
Digits7=37,48,48,59,49,48,59,48,55,13;						选择位数（7）
Digits8=37,48,48,59,49,48,59,48,56,13;						选择位数（8）
WK1down=255,48,50,59,48,48,59,48,56,13,10,37,48,48,59,48,54,59,13;		WK1（长按按下）
WK1up=255,48,50,59,48,48,59,49,56,13,10;					WK1（长按松开）
WK2click=255,48,50,59,48,48,59,48,57,13,10;					WK2